Point(1) = {0, 0, 0};
Point(2) = {0, 5, 0};
Point(3) = {6.15624, 3.97765, 0};
Point(4) = {11, 0, 0};
Point(5) = {14.3043, 2.62287, 0};
Point(6) = {20, 0, 0};
Point(7) = {30, 0, 0};

Line(1) = {1, 2};
Line(2) = {2, 3};
Line(3) = {5, 3};
Line(4) = {5, 7};
Line(5) = {1, 4};
Line(6) = {4, 6};
Line(7) = {6, 7};
Line(8) = {1, 3};
Line(9) = {3, 4};
Line(10) = {5, 4};
Line(11) = {5, 6};
